0 7798 4078 2390 2057 8537 4323 8522 1384 2387 5879 1967 6037 6699 2276 1881 6860 5550 2789 7644
7798 0 5310 6214 9145 1101 4669 1086 7256 9475 2225 9055 2747 1391 9364 7115 1220 3896 5327 462
4078 5310 0 2494 5425 6049 1835 6034 3536 5755 3391 5335 3549 4211 5644 3395 4372 3062 1607 5156
2390 6214 2494 0 3737 6953 2739 6938 1848 4067 4295 3647 4453 5115 3956 1707 5276 3966 1205 6060
2057 9145 5425 3737 0 9884 5670 9869 2731 1284 7226 1526 7384 8046 725 3228 8207 6897 4136 8991
8537 1101 6049 6953 9884 0 5408 1127 7995 10214 2964 9794 3486 2130 10103 7854 1959 4635 6066 1201
4323 4669 1835 2739 5670 5408 0 5393 3781 6000 2750 5580 2908 3570 5889 3640 3731 2421 1852 4515
8522 1086 6034 6938 9869 1127 5393 0 7980 10199 2949 9779 3471 2115 10088 7839 1944 4620 6051 1186
1384 7256 3536 1848 2731 7995 3781 7980 0 3061 5337 2641 5495 6157 2950 1339 6318 5008 2247 7102
2387 9475 5755 4067 1284 10214 6000 10199 3061 0 7556 1856 7714 8376 1503 3558 8537 7227 4466 9321
5879 2225 3391 4295 7226 2964 2750 2949 5337 7556 0 7136 828 1126 7445 5196 1287 1977 3408 2071
1967 9055 5335 3647 1526 9794 5580 9779 2641 1856 7136 0 7294 7956 1745 3138 8117 6807 4046 8901
6037 2747 3549 4453 7384 3486 2908 3471 5495 7714 828 7294 0 1648 7603 5354 1809 2135 3566 2593
6699 1391 4211 5115 8046 2130 3570 2115 6157 8376 1126 7956 1648 0 8265 6016 453 2797 4228 1237
2276 9364 5644 3956 725 10103 5889 10088 2950 1503 7445 1745 7603 8265 0 3447 8426 7116 4355 9210
1881 7115 3395 1707 3228 7854 3640 7839 1339 3558 5196 3138 5354 6016 3447 0 6177 4867 2106 6961
6860 1220 4372 5276 8207 1959 3731 1944 6318 8537 1287 8117 1809 453 8426 6177 0 2958 4389 1066
5550 3896 3062 3966 6897 4635 2421 4620 5008 7227 1977 6807 2135 2797 7116 4867 2958 0 3079 3742
2789 5327 1607 1205 4136 6066 1852 6051 2247 4466 3408 4046 3566 4228 4355 2106 4389 3079 0 5173
7644 462 5156 6060 8991 1201 4515 1186 7102 9321 2071 8901 2593 1237 9210 6961 1066 3742 5173 0