0 1745 1492 1471 1443 1618 999 956 1176 1683 1209 1738 1457 1706 973 1155 1610 1559 935 1318 1275 940 1666 1421 1525 1073 1575 1479 1720 1265
1745 0 1614 1107 1464 1144 926 1006 1689 1488 1071 1437 1598 1526 1414 1329 1055 1154 1789 1029 1607 1655 1348 1325 1266 1127 1590 1224 1424 1400 
1492 1614 0 947 1194 1407 1591 1181 1748 914 1548 1499 1139 1068 1019 1041 974 1519 1625 1786 1729 1418 1589 1156 1148 1052 1219 1066 1516 1739 
1471 1107 947 0 1737 1083 1397 1174 1480 1422 912 1451 1090 1086 1293 1426 943 1109 1552 1622 1472 1044 1494 933 1354 1353 1268 1531 1600 938 
1443 1464 1194 1737 0 1289 1658 1507 1098 1417 1222 1000 1578 1595 1544 928 1033 1263 1725 1011 1217 1433 1460 1082 981 1169 1332 1425 1067 1799 
1618 1144 1407 1083 1289 0 1365 941 1673 1771 1558 1573 1095 1350 1475 1634 1374 1261 1167 901 1714 1238 1099 1642 1288 1352 1358 1664 1379 1273 
999 926 1591 1397 1658 1365 0 1178 1780 1577 1149 1220 1753 1409 1022 1629 1391 1768 1087 1712 1709 1057 1294 1597 1368 1304 1161 1280 1697 1213 
956 1006 1181 1174 1507 941 1178 0 1225 1458 1564 1474 1646 1453 1199 1271 1051 1565 1601 1324 1736 1662 913 1185 1797 1615 972 1698 1777 1708 
1176 1689 1748 1480 1098 1673 1780 1225 0 1060 954 1566 1405 1529 1489 966 1189 1484 1643 1798 1177 1115 1463 1104 963 1547 1523 1214 1331 1254 
1683 1488 914 1422 1417 1771 1577 1458 1060 0 1406 1694 1305 916 1723 1550 1244 1765 1393 1016 961 1478 1227 1150 1173 1681 1497 1190 1091 991 
1209 1071 1548 912 1222 1558 1149 1564 954 1406 0 1170 1791 1398 1114 1584 1754 1307 1611 1759 1242 934 1009 1761 1334 1340 1344 1707 1534 1735 
1738 1437 1499 1451 1000 1573 1220 1474 1566 1694 1170 0 1687 980 1783 978 1785 1651 1195 1574 1508 1439 1465 1377 1003 1376 944 1151 1252 1795 
1457 1598 1139 1090 1578 1095 1753 1646 1405 1305 1791 1687 0 1247 1670 1732 1004 951 1088 1314 989 1617 1031 1048 1299 1741 958 1158 1764 976 
1706 1526 1068 1086 1595 1350 1409 1453 1529 916 1398 980 1247 0 1430 1542 1545 1010 1784 1792 1511 1303 1012 1796 1264 1504 1672 1128 1184 1381 
973 1414 1019 1293 1544 1475 1022 1199 1489 1723 1114 1783 1670 1430 0 1038 1196 1717 988 1446 1635 1438 1399 1773 1230 1620 1419 1685 1123 1444 
1155 1329 1041 1426 928 1634 1629 1271 966 1550 1584 978 1732 1542 1038 0 1108 1586 1427 1415 1245 1401 1637 983 986 1111 994 1024 919 1262 
1610 1055 974 943 1033 1374 1391 1051 1189 1244 1754 1785 1004 1545 1196 1108 0 1690 1382 1551 1097 1491 1686 1596 1248 1775 1274 1657 1373 1402 
1559 1154 1519 1109 1263 1261 1768 1565 1484 1765 1307 1651 951 1010 1717 1586 1690 0 1700 1021 1403 982 1147 1308 1063 1756 1568 1243 936 1258 
935 1789 1625 1552 1725 1167 1087 1601 1643 1393 1611 1195 1088 1784 988 1427 1382 1700 0 1025 1075 1237 1436 1505 1740 1100 1404 939 1180 1533 
1318 1029 1786 1622 1011 901 1712 1324 1798 1016 1759 1574 1314 1792 1446 1415 1551 1021 1025 0 1370 1800 1240 1410 1549 1233 1603 1582 1432 1572 
1275 1607 1729 1472 1217 1714 1709 1736 1177 961 1242 1508 989 1511 1635 1245 1097 1403 1075 1370 0 971 1650 1510 1200 1482 1473 915 1028 1641 
940 1655 1418 1044 1433 1238 1057 1662 1115 1478 934 1439 1617 1303 1438 1401 1491 982 1237 1800 971 0 1755 1283 1346 1349 1639 1272 1030 1035 
1666 1348 1589 1494 1460 1099 1294 913 1463 1227 1009 1465 1031 1012 1399 1637 1686 1147 1436 1240 1650 1755 0 1679 1434 1297 1062 1229 1201 1126 
1421 1325 1156 933 1082 1642 1597 1185 1104 1150 1761 1377 1048 1796 1773 983 1596 1308 1505 1410 1510 1283 1679 0 1442 1758 1110 1120 1202 1626 
1525 1266 1148 1354 981 1288 1368 1797 963 1173 1334 1003 1299 1264 1230 986 1248 1063 1740 1549 1200 1346 1434 1442 0 1302 1239 1538 1677 975 
1073 1127 1052 1353 1169 1352 1304 1615 1547 1681 1340 1376 1741 1504 1620 1111 1775 1756 1100 1233 1482 1349 1297 1758 1302 0 1327 1070 1506 1215 
1575 1590 1219 1268 1332 1358 1161 972 1523 1497 1344 944 958 1672 1419 994 1274 1568 1404 1603 1473 1639 1062 1110 1239 1327 0 1431 1232 1669 
1479 1224 1066 1531 1425 1664 1280 1698 1214 1190 1707 1151 1158 1128 1685 1024 1657 1243 939 1582 915 1272 1229 1120 1538 1070 1431 0 1521 1146 
1720 1424 1516 1600 1067 1379 1697 1777 1331 1091 1534 1252 1764 1184 1123 919 1373 936 1180 1432 1028 1030 1201 1202 1677 1506 1232 1521 0 1124 
1265 1400 1739 938 1799 1273 1213 1708 1254 991 1735 1795 976 1381 1444 1262 1402 1258 1533 1572 1641 1035 1126 1626 975 1215 1669 1146 1124 0 