0 4732 5127 7868 3039 5060 4134 6499 896 5940 6319 1851 2191 3093 7211 5904 5977 3724 3432 2328 6306 5994 3974 4687 5393 7917 1976
4732 0 9321 3274 2563 1452 2120 10693 5090 10134 1725 4215 6385 7287 2617 10098 1383 2110 7626 2772 10500 10188 8168 8881 799 3323 6170
5127 9321 0 12457 7628 9649 8723 2030 5277 1471 10908 6440 3212 3804 11800 1435 10566 8313 2265 6917 1837 1525 2463 1534 9982 12506 4865
7868 3274 12457 0 5699 4588 5256 13829 8226 13270 2099 7351 9521 10423 1573 13234 2289 5246 10762 5908 13636 13324 11304 12017 2633 1361 9306
3039 2563 7628 5699 0 2891 1965 9000 3397 8441 4150 2522 4692 5594 5042 8405 3808 1555 5933 1079 8807 8495 6475 7188 3224 5748 4477
5060 1452 9649 4588 2891 0 2448 11021 5418 10462 3039 4543 6713 7615 3931 10426 2697 2438 7954 3100 10828 10516 8496 9209 2113 4637 6498
4134 2120 8723 5256 1965 2448 0 10095 4492 9536 3707 3617 5787 6689 4599 9500 3365 1512 7028 2174 9902 9590 7570 8283 2781 5305 5572
6499 10693 2030 13829 9000 11021 10095 0 6649 1573 12280 7812 4584 5176 13172 1111 11938 9685 3637 8289 835 1425 3835 2906 11354 13878 6237
896 5090 5277 8226 3397 5418 4492 6649 0 6090 6677 2209 2341 3243 7569 6054 6335 4082 3582 2686 6456 6144 4124 4837 5751 8275 2126
5940 10134 1471 13270 8441 10462 9536 1573 6090 0 11721 7253 4025 4617 12613 978 11379 9126 3078 7730 1380 1068 3276 2347 10795 13319 5678
6319 1725 10908 2099 4150 3039 3707 12280 6677 11721 0 5802 7972 8874 1442 11685 740 3697 9213 4359 12087 11775 9755 10468 1084 2148 7757
1851 4215 6440 7351 2522 4543 3617 7812 2209 7253 5802 0 3504 4406 6694 7217 5460 3207 4745 1811 7619 7307 5287 6000 4876 7400 3289
2191 6385 3212 9521 4692 6713 5787 4584 2341 4025 7972 3504 0 1178 8864 3989 7630 5377 1517 3981 4391 4079 2059 2772 7046 9570 1929
3093 7287 3804 10423 5594 7615 6689 5176 3243 4617 8874 4406 1178 0 9766 4581 8532 6279 2109 4883 4983 4671 2651 3364 7948 10472 2831
7211 2617 11800 1573 5042 3931 4599 13172 7569 12613 1442 6694 8864 9766 0 12577 1632 4589 10105 5251 12979 12667 10647 11360 1976 1622 8649
5904 10098 1435 13234 8405 10426 9500 1111 6054 978 11685 7217 3989 4581 12577 0 11343 9090 3042 7694 918 830 3240 2311 10759 13283 5642
5977 1383 10566 2289 3808 2697 3365 11938 6335 11379 740 5460 7630 8532 1632 11343 0 3355 8871 4017 11745 11433 9413 10126 742 2338 7415
3724 2110 8313 5246 1555 2438 1512 9685 4082 9126 3697 3207 5377 6279 4589 9090 3355 0 6618 1764 9492 9180 7160 7873 2771 5295 5162
3432 7626 2265 10762 5933 7954 7028 3637 3582 3078 9213 4745 1517 2109 10105 3042 8871 6618 0 5222 3444 3132 1112 1825 8287 10811 3170
2328 2772 6917 5908 1079 3100 2174 8289 2686 7730 4359 1811 3981 4883 5251 7694 4017 1764 5222 0 8096 7784 5764 6477 3433 5957 3766
6306 10500 1837 13636 8807 10828 9902 835 6456 1380 12087 7619 4391 4983 12979 918 11745 9492 3444 8096 0 1232 3642 2713 11161 13685 6044
5994 10188 1525 13324 8495 10516 9590 1425 6144 1068 11775 7307 4079 4671 12667 830 11433 9180 3132 7784 1232 0 3330 2401 10849 13373 5732
3974 8168 2463 11304 6475 8496 7570 3835 4124 3276 9755 5287 2059 2651 10647 3240 9413 7160 1112 5764 3642 3330 0 2023 8829 11353 3712
4687 8881 1534 12017 7188 9209 8283 2906 4837 2347 10468 6000 2772 3364 11360 2311 10126 7873 1825 6477 2713 2401 2023 0 9542 12066 4425
5393 799 9982 2633 3224 2113 2781 11354 5751 10795 1084 4876 7046 7948 1976 10759 742 2771 8287 3433 11161 10849 8829 9542 0 2682 6831
7917 3323 12506 1361 5748 4637 5305 13878 8275 13319 2148 7400 9570 10472 1622 13283 2338 5295 10811 5957 13685 13373 11353 12066 2682 0 9355
1976 6170 4865 9306 4477 6498 5572 6237 2126 5678 7757 3289 1929 2831 8649 5642 7415 5162 3170 3766 6044 5732 3712 4425 6831 9355 0