0 1876 3909 6576 3800 2797 2664 2885 3243 2536 4377 5621 6021 2970 2833 1921 994 6593 1572 5781 6922 5234 7233 1894
1876 0 5149 5908 3132 4037 3904 4125 2575 3776 3709 6861 7261 4210 2165 1253 2234 7833 1194 5113 6254 6474 6565 3134
3909 5149 0 9849 7073 2266 3063 1826 6516 3095 7650 2120 2520 1391 6106 5194 3071 3092 4845 9054 10195 1733 10506 2849
6576 5908 9849 0 3776 8737 8604 8825 3813 8476 2633 11561 11961 8910 5257 5737 6934 12533 5894 2293 1652 11174 1963 7834
3800 3132 7073 3776 0 5961 5828 6049 1037 5700 1577 8785 9185 6134 2481 2961 4158 9757 3118 2981 4122 8398 4433 5058
2797 4037 2266 8737 5961 0 1951 1242 5404 1983 6538 3978 4378 1327 4994 4082 1959 4950 3733 7942 9083 3591 9394 1737
2664 3904 3063 8604 5828 1951 0 2039 5271 1850 6405 4775 5175 2124 4861 3949 1826 5747 3600 7809 8950 4388 9261 1604
2885 4125 1826 8825 6049 1242 2039 0 5492 2071 6626 3538 3938 887 5082 4170 2047 4510 3821 8030 9171 3151 9482 1825
3243 2575 6516 3813 1037 5404 5271 5492 0 5143 1614 8228 8628 5577 1924 2404 3601 9200 2561 3018 4159 7841 4470 4501
2536 3776 3095 8476 5700 1983 1850 2071 5143 0 6277 4807 5207 2156 4733 3821 1698 5779 3472 7681 8822 4420 9133 1476
4377 3709 7650 2633 1577 6538 6405 6626 1614 6277 0 9362 9762 6711 3058 3538 4735 10334 3695 1838 2979 8975 3290 5635
5621 6861 2120 11561 8785 3978 4775 3538 8228 4807 9362 0 1200 3103 7818 6906 4783 1772 6557 10766 11907 2319 12218 4561
6021 7261 2520 11961 9185 4378 5175 3938 8628 5207 9762 1200 0 3503 8218 7306 5183 1252 6957 11166 12307 2719 12618 4961
2970 4210 1391 8910 6134 1327 2124 887 5577 2156 6711 3103 3503 0 5167 4255 2132 4075 3906 8115 9256 2716 9567 1910
2833 2165 6106 5257 2481 4994 4861 5082 1924 4733 3058 7818 8218 5167 0 1994 3191 8790 2151 4462 5603 7431 5914 4091
1921 1253 5194 5737 2961 4082 3949 4170 2404 3821 3538 6906 7306 4255 1994 0 2279 7878 1239 4942 6083 6519 6394 3179
994 2234 3071 6934 4158 1959 1826 2047 3601 1698 4735 4783 5183 2132 3191 2279 0 5755 1930 6139 7280 4396 7591 1056
6593 7833 3092 12533 9757 4950 5747 4510 9200 5779 10334 1772 1252 4075 8790 7878 5755 0 7529 11738 12879 3291 13190 5533
1572 1194 4845 5894 3118 3733 3600 3821 2561 3472 3695 6557 6957 3906 2151 1239 1930 7529 0 5099 6240 6170 6551 2830
5781 5113 9054 2293 2981 7942 7809 8030 3018 7681 1838 10766 11166 8115 4462 4942 6139 11738 5099 0 2639 10379 2950 7039
6922 6254 10195 1652 4122 9083 8950 9171 4159 8822 2979 11907 12307 9256 5603 6083 7280 12879 6240 2639 0 11520 1115 8180
5234 6474 1733 11174 8398 3591 4388 3151 7841 4420 8975 2319 2719 2716 7431 6519 4396 3291 6170 10379 11520 0 11831 4174
7233 6565 10506 1963 4433 9394 9261 9482 4470 9133 3290 12218 12618 9567 5914 6394 7591 13190 6551 2950 1115 11831 0 8491
1894 3134 2849 7834 5058 1737 1604 1825 4501 1476 5635 4561 4961 1910 4091 3179 1056 5533 2830 7039 8180 4174 8491 0